15
16
23
24
25
26
27
36
59
63
84
102
106
108
145
181
186
255
259
265
266
274
282
290
303
315
316
322
323
327
335
336
341
343
344
345
349
351
352
355
358
359
364
371
380
385
392
398
405
406
416
417
419
421
423
451
456
463
465
466
467
470
474
479
486
490
495
497
502
504
518
523
526
527
531
537
541
542
543
560
565
566
567
572
573
575
578
579
580
581
583
585
588
589
593
604
610
612
613
614
615
627
633
638
642
644
652
655
656
671
675
682
683
693
694
695
696
721
736
737
741
742
744
753
758
761
762
764
784
785
794
795
798
800
804
805
810
814
817
818
819
825
837
838
841
852
858
859
862
864
869
870
875
879
881
892
904
905
906
907
908
909
910
911
912
913
914
915
916
917
918
919
923
924
925
926
927
928
929
930
990
991
992
993
994
995
996
997
999
1000
1002
1006
1007
1008
1009
1010
1011
1012
1013
1014
1015
1016
1017
1018
1019
1020
1021
1022
1025
1026
1027
1028
1029
1030
1031
1032
1033
1034
1035
1036
1037
1038
1039
1040
1045
1046
1047
1048
1049
1050
1051
1053
1055
1066
1100
1113
1114
1115
1116
1117
1118
1119
1120
1121
1122
1123
1124
1125
1126
1127
1128
1129
1130
1131
1133
1135
1136
1137
1138
1139
1140
1141
1142
1143
1144
1145
1146
1147
1148
1149
1150
1151
1152
1153
1154
1155
1156
1157
1158
1159
1163
1164
1165
1166
1167
1168
1169
1172
1173
1174
1175
1176
1177
1179
1180
1182
1187
1188
1192
1193
1194
1198
1203
1204
1206
1209
1210
1211
1212
1213
1214
1215
1223
1227
1231
1232
1233
1234
1239
1240
1241
1242
1243
1244
1245
1247
1249
1250
1251
1252
1253
1273
1274
1275
1276
1277
1278
1279
1280
1281
1282
1283
1284
1285
1286
1287
1292
1336
1337
1338
1339
1340
1341
1343
1344
1369
1371
1372
1374
1375
1377
1378
1379
1380
1381
1382
1383
1384
1385
1386
1387
1392
1426
1427
1429
1430
1435
1436
1437
1438
1439
1463
1478
1481
1483
1484
1485
1486
1487
1488
1489
1490
1506
1519
1525
1532
1533
1534
1535
1536
1537
1538
1542
1543
1578
1581
1584
1592
1597
1598
1605
1609
1612
1619
1621
1622
1629
1640
1643
1651
1659
1660
1668
1676
1700
1702
1708
1715
1716
1717
1725
1726
1731
1732
1733
1734
1735
1736
1737
1738
1739
1740
1741
1742
1743
1744
1745
1749
1750
1775
1781
1791
1796
1810
1830
1834
1842
1846
1865
1874
1875
1876
1878
1879
1882
1892
1899
1900
1903
1905
1906
1908
1911
1913
1914
1917
1918
1919
1921
1923
1924
1926
1930
1931
1941
1942
1943
1949
1950
1951
1953
1955
1956
1957
1958
1959
1962
1965
1969
1971
1991
2004
2006
2007
2008
2015
2018
2019
2020
2021
2025
2031
2032
2036
2038
2043
2045
2049
2053
2055
2059
2060
2061
2063
2064
2066
2069
2073
2076
2077
2081
2082
2084
2086
2091
2092
2097
2098
2102
2108
2110
2119
2120
2121
2130
2132
2134
2140
2145
2148
2152
2153
2155
2166
2171
2172
2175
2178
2184
2185
2186
2187
2190
2193
2198
2199
2201
2202
2206
2208
2218
2220
2225
2227
2228
2232
2237
2239
2244
2249
2251
2255
2256
2257
2259
2260
2262
2263
2269
2272
2273
2274
2277
2279
2281
2283
2285
2287
2288
2295
2297
2302
2305
2306
2307
2309
2310
2312
2313
2315
2317
2319
2320
2322
2330
2331
2332
2333
2335
2336
2337
2345
2346
2347
2348
2349
2350
2353
2354
2356
2367
2368
2370
2372
2374
2375
2377
2379
2380
2382
2383
2386
2388
2390
2394
2397
2401
2403
2404
2406
2407
2410
2413
2414
2416
2417
2419
2423
2427
2428
2429
2433
2434
2435
2437
2438
2440
2442
2443
2450
2451
2453
2454
2460
2461
2462
2465
2466
2467
2468
2469
2471
2481
2484
2486
2487
2488
2494
2495
2498
2499
2500
2501
2505
2508
2509
2510
2514
2543
2547
2564
2567
2587
2591
2614
2622
2631
2634
2642
2654
2662
2665
2667
2668
2669
2678
2684
2685
2687
2696
2697
2699
2700
2701
2703
2706
2723
2727
2740
2741
2747
2755
2759
2761
2762
2764
2768
2769
2771
2772
2774
2775
2777
2778
2779
2780
2789
2798
2803
2804
2806
2810
2823
2825
2837
2838
2840
2841
2842
2843
2846
2850
2854
2863
2874
2876
2881
2882
2889
2895
2897
2898
2902
2903
2905
2908
2917
2938
2950
2955
2957
2962
2964
2967
2977
2986
2992
3006
3010
3020
3021
3024
3031
3047
3051
3064
3066
3069
3084
3085
3093
3110
3113
3118
3119
3126
3131
3136
3137
3139
3142
3145
3149
3155
3159
3161
3162
3167
3168
3172
3178
3184
3185
3186
3187
3188
3189
3190
3191
3192
3193
3194
3195
3196
3197
3198
3199
3200
3201
3202
3203
3204
3205
3206
3207
3208
3209
3210
3211
3212
3213
3214
3215
3216
3217
3218
3219
3220
3221
3222
3223
3224
3225
3226
3227
3228
3229
3230
3231
3232
3233
3234
3235
3236
3237
3238
3239
3240
3241
3242
3243
3244
3245
3246
3247
3248
3249
3250
3251
3252
3253
3254
3255
3256
3257
3258
3259
3260
3261
3262
3263
3264
3265
3266
3267
3268
3269
3270
3271
3272
3273
3274
3275
3276
3277
3278
3279
3280
3281
3282
3283
3284
3285
3286
3287
3288
3289
3290
3291
3292
3293
3316
3324
3337
3346
3352
3362
3366
3382
3390
3399
3413
3415
3429
3432
3445
3454
3466
3469
3471
3476
3478
3483
3484
3485
3492
3504
3506
3507
3520
3530
3532
3538
3539
3545
3546
3550
3551
3552
3556
3558
3560
3565
3568
3569
3572
3579
3590
3600
3615
3618
3626
3632
3634
3635
3637
3642
3643
3647
3649
3655
3656
3657
3658
3661
3662
3664
3673
3675
3676
3677
3679
3680
3681
3688
3695
3699
3703
3706
3707
3710
3711
3712
3718
3723
3731
3732
3743
3747
3752
3753
3762
3763
3778
3797
3815
3836
3843
3844
3859
3869
3870
3886
3889
3892
3899
3915
3922
3925
3926
3928
3930
3932
3936
3939
3940
3944
3946
3948
3949
3950
3951
3952
3954
3955
3956
3959
3971
3986
3989
3992
3995
4011
4016
4020
4021
4025
4028
4030
4031
4038
4056
4066
4067
4072
4103
4104
4133
4135
4138
4140
4163
4177
4185
4195
4219
4221
4225
4235
4236
4242
4247
4254
4262
4265
4267
4278
4280
4285
4295
4296
4297
4304
4307
4328
4329
4357
4367
19161
37982
78415
89882
89883
89884
89885
89886
89887
89888
89889
89890
89891
89892
89893
89894
89895
89896
89897
89898
89899
89900
89901
89902
89903
89904
89905
89906
89907
89908
89909
89910
91086
91971
91972
91973
91974
91975
91976
91977
91978
91979
91980
91981
91982
91983
91984
91985
91986
91987
91988
91989
91990
91991
91992
91993
91994
91995
91996
91997
91998
91999
92000
92001
92002
92003
92004
92005
92006
92007
92008
92009
92010
92011
92012
92013
92014
92015
92016
92017
92018
92019
92020
92021
92022
92023
92024
92025
92026
92027
92028
92029
92030
98925
100660
100664
100665
100666
100667
100668
100669
100670
100671
100672
100675
100676
113798
113799
113800
113801
113802
113803
113804
113805
113806
113807
113808
113809
113810
113811
113812
113813
113814
113815
113816
113817
113818
113819
113820
113821
113822
113823
113824
113825
113826
113827
113828
113829
113830
113831
113832
113833
113834
113835
113836
113837
113838
113839
113840
113841
113842
113843
113844
118164
119379
119541
120751
120752
120753
120754
120755
120769
120770
120771
132608
140994
144950
145751
147415
147475
147478
147479
147480
147481
147482
147483
147484
147485
147486
147487
147488
147489
147490
147491
147492
147493
147494
149744
151409
151816
151829
152637
153040
153907
154061
154062
154063
154064
154065
154066
154067
154068
154069
154070
154073
154074
154075
154076
154077
154078
154079
154080
154081
154082
156261
231721